0	0.50597	0.494012	0	0	0	0	
0.002	0.498	0.501998	2.00401e-06	0	0	0	
0.004	0.49004	0.50991	5.01002e-05	0	0	0	
0.006	0.482144	0.517693	0.000162324	0	0	0	
0.008	0.474313	0.525349	0.000338677	0	0	0	
0.01	0.466545	0.532876	0.000579158	0	0	0	
0.012	0.458842	0.540275	0.000883767	0	0	0	
0.014	0.451202	0.547545	0.0012525	0	0	0	
0.016	0.443627	0.554687	0.00168537	0	0	0	
0.018	0.436116	0.561701	0.00218236	0	0	0	
0.02	0.428669	0.568587	0.00274348	0	0	0	
0.022	0.421287	0.575345	0.00336873	0	0	0	
0.024	0.413968	0.581974	0.00405811	0	0	0	
0.026	0.406714	0.588475	0.00481162	0	0	0	
0.028	0.399523	0.594848	0.00562925	0	0	0	
0.03	0.392397	0.601092	0.00651102	0	0	0	
0.032	0.385335	0.607208	0.00745691	0	0	0	
0.034	0.378337	0.613196	0.00846693	0	0	0	
0.036	0.371403	0.619056	0.00954107	0	0	0	
0.038	0.364533	0.624787	0.0106793	0	0	0	
0.04	0.357728	0.630391	0.0118818	0	0	0	
0.042	0.350986	0.635866	0.0131483	0	0	0	
0.044	0.344309	0.641212	0.0144789	0	0	0	
0.046	0.337696	0.646431	0.0158737	0	0	0	
0.048	0.331146	0.651521	0.0173326	0	0	0	
0.05	0.324661	0.656483	0.0188557	0	0	0	
0.052	0.318241	0.661316	0.0204429	0	0	0	
0.054	0.311884	0.666022	0.0220942	0	0	0	
0.056	0.305591	0.670599	0.0238096	0	0	0	
0.058	0.299363	0.675048	0.0255892	0	0	0	
0.06	0.293199	0.679369	0.0274328	0	0	0	
0.062	0.287098	0.683561	0.0293407	0	0	0	
0.064	0.281062	0.687625	0.0313126	0	0	0	
0.066	0.27509	0.691561	0.0333487	0	0	0	
0.068	0.269183	0.695369	0.0354489	0	0	0	
0.07	0.263339	0.699048	0.0376132	0	0	0	
0.072	0.257559	0.702599	0.0398416	0	0	0	
0.074	0.251844	0.706022	0.0421342	0	0	0	
0.076	0.246193	0.709316	0.0444909	0	0	0	
0.078	0.240605	0.712483	0.0469118	0	0	0	
0.08	0.235082	0.715521	0.0493967	0	0	0	
0.082	0.229624	0.718431	0.0519458	0	0	0	
0.084	0.224229	0.721212	0.0545591	0	0	0	
0.086	0.218898	0.723866	0.0572364	0	0	0	
0.088	0.213632	0.726391	0.0599779	0	0	0	
0.09	0.208429	0.728787	0.0627835	0	0	0	
0.092	0.203291	0.731056	0.0656532	0	0	0	
0.094	0.198217	0.733196	0.0685871	0	0	0	
0.096	0.193207	0.735208	0.0715851	0	0	0	
0.098	0.188261	0.737092	0.0746472	0	0	0	
0.1	0.183379	0.738847	0.0777735	0	0	0	
0.102	0.178561	0.740475	0.0809638	0	0	0	
0.104	0.173808	0.741974	0.0842184	0	0	0	
0.106	0.169119	0.743344	0.087537	0	0	0	
0.108	0.164493	0.744587	0.0909197	0	0	0	
0.11	0.159932	0.745701	0.0943666	0	0	0	
0.112	0.155435	0.746687	0.0978777	0	0	0	
0.114	0.151002	0.747545	0.101453	0	0	0	
0.116	0.146634	0.748274	0.105092	0	0	0	
0.118	0.142329	0.748876	0.108795	0	0	0	
0.12	0.138089	0.749348	0.112563	0	0	0	
0.122	0.133912	0.749693	0.116395	0	0	0	
0.124	0.1298	0.74991	0.12029	0	0	0	
0.126	0.125752	0.749998	0.12425	0	0	0	
0.128	0.121768	0.749958	0.128274	0	0	0	
0.13	0.117848	0.749789	0.132363	0	0	0	
0.132	0.113992	0.749493	0.136515	0	0	0	
0.134	0.110201	0.749068	0.140731	0	0	0	
0.136	0.106473	0.748515	0.145012	0	0	0	
0.138	0.10281	0.747833	0.149357	0	0	0	
0.14	0.0992108	0.747024	0.153765	0	0	0	
0.142	0.0956758	0.746086	0.158238	0	0	0	
0.144	0.0922048	0.74502	0.162775	0	0	0	
0.146	0.088798	0.743825	0.167377	0	0	0	
0.148	0.0854553	0.742503	0.172042	0	0	0	
0.15	0.0821768	0.741052	0.176771	0	0	0	
0.152	0.0789623	0.739473	0.181565	0	0	0	
0.154	0.075812	0.737765	0.186423	0	0	0	
0.156	0.0727259	0.73593	0.191344	0	0	0	
0.158	0.0697038	0.733966	0.19633	0	0	0	
0.16	0.0667459	0.731874	0.201381	0	0	0	
0.162	0.0638521	0.729653	0.206495	0	0	0	
0.164	0.0610225	0.727304	0.211673	0	0	0	
0.166	0.058257	0.724827	0.216916	0	0	0	
0.168	0.0555556	0.722222	0.222222	0	0	0	
0.17	0.0529183	0.719489	0.227593	0	0	0	
0.172	0.0503451	0.716627	0.233028	0	0	0	
0.174	0.0478361	0.713637	0.238527	0	0	0	
0.176	0.0453912	0.710519	0.24409	0	0	0	
0.178	0.0430105	0.707272	0.249717	0	0	0	
0.18	0.0406938	0.703898	0.255409	0	0	0	
0.182	0.0384413	0.700395	0.261164	0	0	0	
0.184	0.036253	0.696763	0.266984	0	0	0	
0.186	0.0341287	0.693004	0.272867	0	0	0	
0.188	0.0320686	0.689116	0.278815	0	0	0	
0.19	0.0300726	0.6851	0.284827	0	0	0	
0.192	0.0281408	0.680956	0.290904	0	0	0	
0.194	0.026273	0.676683	0.297044	0	0	0	
0.196	0.0244694	0.672282	0.303248	0	0	0	
0.198	0.0227299	0.667753	0.309517	0	0	0	
0.2	0.0210546	0.663096	0.315849	0	0	0	
0.202	0.0194434	0.65831	0.322246	0	0	0	
0.204	0.0178963	0.653397	0.328707	0	0	0	
0.206	0.0164133	0.648355	0.335232	0	0	0	
0.208	0.0149945	0.643184	0.341821	0	0	0	
0.21	0.0136398	0.637886	0.348475	0	0	0	
0.212	0.0123492	0.632459	0.355192	0	0	0	
0.214	0.0111227	0.626904	0.361974	0	0	0	
0.216	0.00996041	0.62122	0.368819	0	0	0	
0.218	0.00886222	0.615409	0.375729	0	0	0	
0.22	0.00782815	0.609469	0.382703	0	0	0	
0.222	0.00685821	0.603401	0.389741	0	0	0	
0.224	0.0059524	0.597204	0.396843	0	0	0	
0.226	0.00511072	0.59088	0.40401	0	0	0	
0.228	0.00433316	0.584427	0.41124	0	0	0	
0.23	0.00361974	0.577846	0.418535	0	0	0	
0.232	0.00297044	0.571136	0.425893	0	0	0	
0.234	0.00238527	0.564299	0.433316	0	0	0	
0.236	0.00186423	0.557333	0.440803	0	0	0	
0.238	0.00140731	0.550238	0.448354	0	0	0	
0.24	0.00101453	0.543016	0.455969	0	0	0	
0.242	0.000685871	0.535665	0.463649	0	0	0	
0.244	0.000421342	0.528186	0.471392	0	0	0	
0.246	0.000220942	0.520579	0.4792	0	0	0	
0.248	8.46693e-05	0.512844	0.487072	0	0	0	
0.25	1.2525e-05	0.50498	0.495008	0	0	0	
0.252	0	0.497002	0.502994	4.50901e-06	0	0	
0.254	0	0.48905	0.51089	6.06212e-05	0	0	
0.256	0	0.481162	0.518657	0.000180862	0	0	
0.258	0	0.473338	0.526297	0.00036523	0	0	
0.26	0	0.465579	0.533808	0.000613727	0	0	
0.262	0	0.457883	0.54119	0.000926352	0	0	
0.264	0	0.450252	0.548445	0.0013031	0	0	
0.266	0	0.442685	0.555571	0.00174399	0	0	
0.268	0	0.435182	0.562569	0.002249	0	0	
0.27	0	0.427743	0.569439	0.00281813	0	0	
0.272	0	0.420368	0.57618	0.0034514	0	0	
0.274	0	0.413058	0.582794	0.00414879	0	0	
0.276	0	0.405811	0.589278	0.00491032	0	0	
0.278	0	0.398629	0.595635	0.00573597	0	0	
0.28	0	0.391511	0.601864	0.00662574	0	0	
0.282	0	0.384457	0.607964	0.00757965	0	0	
0.284	0	0.377467	0.613936	0.00859769	0	0	
0.286	0	0.370541	0.619779	0.00967985	0	0	
0.288	0	0.363679	0.625495	0.0108261	0	0	
0.29	0	0.356881	0.631082	0.0120366	0	0	
0.292	0	0.350148	0.636541	0.0133111	0	0	
0.294	0	0.343479	0.641872	0.0146498	0	0	
0.296	0	0.336873	0.647074	0.0160526	0	0	
0.298	0	0.330332	0.652148	0.0175195	0	0	
0.3	0	0.323855	0.657094	0.0190506	0	0	
0.302	0	0.317443	0.661912	0.0206458	0	0	
0.304	0	0.311094	0.666601	0.0223051	0	0	
0.306	0	0.304809	0.671162	0.0240285	0	0	
0.308	0	0.298589	0.675595	0.0258161	0	0	
0.31	0	0.292433	0.6799	0.0276678	0	0	
0.312	0	0.28634	0.684076	0.0295836	0	0	
0.314	0	0.280312	0.688124	0.0315636	0	0	
0.316	0	0.274348	0.692044	0.0336077	0	0	
0.318	0	0.268449	0.695835	0.0357159	0	0	
0.32	0	0.262613	0.699499	0.0378882	0	0	
0.322	0	0.256841	0.703034	0.0401247	0	0	
0.324	0	0.251134	0.706441	0.0424253	0	0	
0.326	0	0.245491	0.709719	0.04479	0	0	
0.328	0	0.239912	0.71287	0.0472189	0	0	
0.33	0	0.234397	0.715892	0.0497119	0	0	
0.332	0	0.228946	0.718785	0.052269	0	0	
0.334	0	0.223559	0.721551	0.0548902	0	0	
0.336	0	0.218236	0.724188	0.0575756	0	0	
0.338	0	0.212978	0.726697	0.0603251	0	0	
0.34	0	0.207783	0.729078	0.0631387	0	0	
0.342	0	0.202653	0.73133	0.0660165	0	0	
0.344	0	0.197587	0.733455	0.0689583	0	0	
0.346	0	0.192585	0.735451	0.0719644	0	0	
0.348	0	0.187647	0.737318	0.0750345	0	0	
0.35	0	0.182773	0.739058	0.0781688	0	0	
0.352	0	0.177964	0.740669	0.0813672	0	0	
0.354	0	0.173218	0.742152	0.0846297	0	0	
0.356	0	0.168537	0.743507	0.0879563	0	0	
0.358	0	0.16392	0.744733	0.0913471	0	0	
0.36	0	0.159367	0.745831	0.094802	0	0	
0.362	0	0.154878	0.746801	0.098321	0	0	
0.364	0	0.150453	0.747643	0.101904	0	0	
0.366	0	0.146092	0.748356	0.105551	0	0	
0.368	0	0.141795	0.748942	0.109263	0	0	
0.37	0	0.137563	0.749399	0.113038	0	0	
0.372	0	0.133395	0.749727	0.116878	0	0	
0.374	0	0.12929	0.749928	0.120782	0	0	
0.376	0	0.12525	0.75	0.12475	0	0	
0.378	0	0.121274	0.749944	0.128782	0	0	
0.38	0	0.117363	0.749759	0.132878	0	0	
0.382	0	0.113515	0.749447	0.137038	0	0	
0.384	0	0.109731	0.749006	0.141263	0	0	
0.386	0	0.106012	0.748437	0.145551	0	0	
0.388	0	0.102357	0.747739	0.149904	0	0	
0.39	0	0.0987654	0.746914	0.154321	0	0	
0.392	0	0.0952384	0.74596	0.158802	0	0	
0.394	0	0.0917755	0.744878	0.163347	0	0	
0.396	0	0.0883767	0.743667	0.167956	0	0	
0.398	0	0.085042	0.742328	0.17263	0	0	
0.4	0	0.0817715	0.740861	0.177367	0	0	
0.402	0	0.0785651	0.739266	0.182169	0	0	
0.404	0	0.0754228	0.737543	0.187034	0	0	
0.406	0	0.0723446	0.735691	0.191964	0	0	
0.408	0	0.0693306	0.733711	0.196958	0	0	
0.41	0	0.0663807	0.731603	0.202016	0	0	
0.412	0	0.0634949	0.729367	0.207139	0	0	
0.414	0	0.0606733	0.727002	0.212325	0	0	
0.416	0	0.0579158	0.724509	0.217575	0	0	
0.418	0	0.0552224	0.721888	0.22289	0	0	
0.42	0	0.0525931	0.719138	0.228269	0	0	
0.422	0	0.050028	0.71626	0.233712	0	0	
0.424	0	0.047527	0.713254	0.239219	0	0	
0.426	0	0.0450901	0.71012	0.24479	0	0	
0.428	0	0.0427174	0.706858	0.250425	0	0	
0.43	0	0.0404088	0.703467	0.256124	0	0	
0.432	0	0.0381643	0.699948	0.261888	0	0	
0.434	0	0.0359839	0.6963	0.267716	0	0	
0.436	0	0.0338677	0.692525	0.273607	0	0	
0.438	0	0.0318156	0.688621	0.279563	0	0	
0.44	0	0.0298276	0.684589	0.285583	0	0	
0.442	0	0.0279038	0.680429	0.291668	0	0	
0.444	0	0.0260441	0.67614	0.297816	0	0	
0.446	0	0.0242485	0.671723	0.304028	0	0	
0.448	0	0.022517	0.667178	0.310305	0	0	
0.45	0	0.0208497	0.662505	0.316645	0	0	
0.452	0	0.0192465	0.657703	0.32305	0	0	
0.454	0	0.0177074	0.652773	0.329519	0	0	
0.456	0	0.0162324	0.647715	0.336052	0	0	
0.458	0	0.0148216	0.642529	0.342649	0	0	
0.46	0	0.0134749	0.637214	0.349311	0	0	
0.462	0	0.0121924	0.631771	0.356036	0	0	
0.464	0	0.0109739	0.6262	0.362826	0	0	
0.466	0	0.00981963	0.620501	0.369679	0	0	
0.468	0	0.00872945	0.614673	0.376597	0	0	
0.47	0	0.0077034	0.608717	0.383579	0	0	
0.472	0	0.00674148	0.602633	0.390625	0	0	
0.474	0	0.00584368	0.596421	0.397736	0	0	
0.476	0	0.00501002	0.59008	0.40491	0	0	
0.478	0	0.00424048	0.583611	0.412148	0	0	
0.48	0	0.00353507	0.577014	0.419451	0	0	
0.482	0	0.00289378	0.570289	0.426818	0	0	
0.484	0	0.00231663	0.563435	0.434249	0	0	
0.486	0	0.00180361	0.556453	0.441744	0	0	
0.488	0	0.00135471	0.549343	0.449303	0	0	
0.49	0	0.000969939	0.542104	0.456926	0	0	
0.492	0	0.000649298	0.534737	0.464613	0	0	
0.494	0	0.000392785	0.527242	0.472365	0	0	
0.496	0	0.000200401	0.519619	0.48018	0	0	
0.498	0	7.21442e-05	0.511868	0.48806	0	0	
0.5	0	8.01602e-06	0.503988	0.496004	0	0	
0.502	0	0	0.496004	0.503988	8.01602e-06	0	
0.504	0	0	0.48806	0.511868	7.21442e-05	0	
0.506	0	0	0.48018	0.519619	0.000200401	0	
0.508	0	0	0.472365	0.527242	0.000392785	0	
0.51	0	0	0.464613	0.534737	0.000649298	0	
0.512	0	0	0.456926	0.542104	0.000969939	0	
0.514	0	0	0.449303	0.549343	0.00135471	0	
0.516	0	0	0.441744	0.556453	0.00180361	0	
0.518	0	0	0.434249	0.563435	0.00231663	0	
0.52	0	0	0.426818	0.570289	0.00289378	0	
0.522	0	0	0.419451	0.577014	0.00353507	0	
0.524	0	0	0.412148	0.583611	0.00424048	0	
0.526	0	0	0.40491	0.59008	0.00501002	0	
0.528	0	0	0.397736	0.596421	0.00584368	0	
0.53	0	0	0.390625	0.602633	0.00674148	0	
0.532	0	0	0.383579	0.608717	0.0077034	0	
0.534	0	0	0.376597	0.614673	0.00872945	0	
0.536	0	0	0.369679	0.620501	0.00981963	0	
0.538	0	0	0.362826	0.6262	0.0109739	0	
0.54	0	0	0.356036	0.631771	0.0121924	0	
0.542	0	0	0.349311	0.637214	0.0134749	0	
0.544	0	0	0.342649	0.642529	0.0148216	0	
0.546	0	0	0.336052	0.647715	0.0162324	0	
0.548	0	0	0.329519	0.652773	0.0177074	0	
0.55	0	0	0.32305	0.657703	0.0192465	0	
0.552	0	0	0.316645	0.662505	0.0208497	0	
0.554	0	0	0.310305	0.667178	0.022517	0	
0.556	0	0	0.304028	0.671723	0.0242485	0	
0.558	0	0	0.297816	0.67614	0.0260441	0	
0.56	0	0	0.291668	0.680429	0.0279038	0	
0.562	0	0	0.285583	0.684589	0.0298276	0	
0.564	0	0	0.279563	0.688621	0.0318156	0	
0.566	0	0	0.273607	0.692525	0.0338677	0	
0.568	0	0	0.267716	0.6963	0.0359839	0	
0.57	0	0	0.261888	0.699948	0.0381643	0	
0.572	0	0	0.256124	0.703467	0.0404088	0	
0.574	0	0	0.250425	0.706858	0.0427174	0	
0.576	0	0	0.24479	0.71012	0.0450901	0	
0.578	0	0	0.239219	0.713254	0.047527	0	
0.58	0	0	0.233712	0.71626	0.050028	0	
0.582	0	0	0.228269	0.719138	0.0525931	0	
0.584	0	0	0.22289	0.721888	0.0552224	0	
0.586	0	0	0.217575	0.724509	0.0579158	0	
0.588	0	0	0.212325	0.727002	0.0606733	0	
0.59	0	0	0.207139	0.729367	0.0634949	0	
0.592	0	0	0.202016	0.731603	0.0663807	0	
0.594	0	0	0.196958	0.733711	0.0693306	0	
0.596	0	0	0.191964	0.735691	0.0723446	0	
0.598	0	0	0.187034	0.737543	0.0754228	0	
0.6	0	0	0.182169	0.739266	0.0785651	0	
0.602	0	0	0.177367	0.740861	0.0817715	0	
0.604	0	0	0.17263	0.742328	0.085042	0	
0.606	0	0	0.167956	0.743667	0.0883767	0	
0.608	0	0	0.163347	0.744878	0.0917755	0	
0.61	0	0	0.158802	0.74596	0.0952384	0	
0.612	0	0	0.154321	0.746914	0.0987654	0	
0.614	0	0	0.149904	0.747739	0.102357	0	
0.616	0	0	0.145551	0.748437	0.106012	0	
0.618	0	0	0.141263	0.749006	0.109731	0	
0.62	0	0	0.137038	0.749447	0.113515	0	
0.622	0	0	0.132878	0.749759	0.117363	0	
0.624	0	0	0.128782	0.749944	0.121274	0	
0.626	0	0	0.12475	0.75	0.12525	0	
0.628	0	0	0.120782	0.749928	0.12929	0	
0.63	0	0	0.116878	0.749727	0.133395	0	
0.632	0	0	0.113038	0.749399	0.137563	0	
0.634	0	0	0.109263	0.748942	0.141795	0	
0.636	0	0	0.105551	0.748356	0.146092	0	
0.638	0	0	0.101904	0.747643	0.150453	0	
0.64	0	0	0.098321	0.746801	0.154878	0	
0.642	0	0	0.094802	0.745831	0.159367	0	
0.644	0	0	0.0913471	0.744733	0.16392	0	
0.646	0	0	0.0879563	0.743507	0.168537	0	
0.648	0	0	0.0846297	0.742152	0.173218	0	
0.65	0	0	0.0813672	0.740669	0.177964	0	
0.652	0	0	0.0781688	0.739058	0.182773	0	
0.654	0	0	0.0750345	0.737318	0.187647	0	
0.656	0	0	0.0719644	0.735451	0.192585	0	
0.658	0	0	0.0689583	0.733455	0.197587	0	
0.66	0	0	0.0660165	0.73133	0.202653	0	
0.662	0	0	0.0631387	0.729078	0.207783	0	
0.664	0	0	0.0603251	0.726697	0.212978	0	
0.666	0	0	0.0575756	0.724188	0.218236	0	
0.668	0	0	0.0548902	0.721551	0.223559	0	
0.67	0	0	0.052269	0.718785	0.228946	0	
0.672	0	0	0.0497119	0.715892	0.234397	0	
0.674	0	0	0.0472189	0.71287	0.239912	0	
0.676	0	0	0.04479	0.709719	0.245491	0	
0.678	0	0	0.0424253	0.706441	0.251134	0	
0.68	0	0	0.0401247	0.703034	0.256841	0	
0.682	0	0	0.0378882	0.699499	0.262613	0	
0.684	0	0	0.0357159	0.695835	0.268449	0	
0.686	0	0	0.0336077	0.692044	0.274348	0	
0.688	0	0	0.0315636	0.688124	0.280312	0	
0.69	0	0	0.0295836	0.684076	0.28634	0	
0.692	0	0	0.0276678	0.6799	0.292433	0	
0.694	0	0	0.0258161	0.675595	0.298589	0	
0.696	0	0	0.0240285	0.671162	0.304809	0	
0.698	0	0	0.0223051	0.666601	0.311094	0	
0.7	0	0	0.0206458	0.661912	0.317443	0	
0.702	0	0	0.0190506	0.657094	0.323855	0	
0.704	0	0	0.0175195	0.652148	0.330332	0	
0.706	0	0	0.0160526	0.647074	0.336873	0	
0.708	0	0	0.0146498	0.641872	0.343479	0	
0.71	0	0	0.0133111	0.636541	0.350148	0	
0.712	0	0	0.0120366	0.631082	0.356881	0	
0.714	0	0	0.0108261	0.625495	0.363679	0	
0.716	0	0	0.00967985	0.619779	0.370541	0	
0.718	0	0	0.00859769	0.613936	0.377467	0	
0.72	0	0	0.00757965	0.607964	0.384457	0	
0.722	0	0	0.00662574	0.601864	0.391511	0	
0.724	0	0	0.00573597	0.595635	0.398629	0	
0.726	0	0	0.00491032	0.589278	0.405811	0	
0.728	0	0	0.00414879	0.582794	0.413058	0	
0.73	0	0	0.0034514	0.57618	0.420368	0	
0.732	0	0	0.00281813	0.569439	0.427743	0	
0.734	0	0	0.002249	0.562569	0.435182	0	
0.736	0	0	0.00174399	0.555571	0.442685	0	
0.738	0	0	0.0013031	0.548445	0.450252	0	
0.74	0	0	0.000926352	0.54119	0.457883	0	
0.742	0	0	0.000613727	0.533808	0.465579	0	
0.744	0	0	0.00036523	0.526297	0.473338	0	
0.746	0	0	0.000180862	0.518657	0.481162	0	
0.748	0	0	6.06212e-05	0.51089	0.48905	0	
0.75	0	0	4.50901e-06	0.502994	0.497002	0	
0.752	0	0	0	0.495008	0.50498	1.2525e-05	
0.754	0	0	0	0.487072	0.512844	8.46693e-05	
0.756	0	0	0	0.4792	0.520579	0.000220942	
0.758	0	0	0	0.471392	0.528186	0.000421342	
0.76	0	0	0	0.463649	0.535665	0.000685871	
0.762	0	0	0	0.455969	0.543016	0.00101453	
0.764	0	0	0	0.448354	0.550238	0.00140731	
0.766	0	0	0	0.440803	0.557333	0.00186423	
0.768	0	0	0	0.433316	0.564299	0.00238527	
0.77	0	0	0	0.425893	0.571136	0.00297044	
0.772	0	0	0	0.418535	0.577846	0.00361974	
0.774	0	0	0	0.41124	0.584427	0.00433316	
0.776	0	0	0	0.40401	0.59088	0.00511072	
0.778	0	0	0	0.396843	0.597204	0.0059524	
0.78	0	0	0	0.389741	0.603401	0.00685821	
0.782	0	0	0	0.382703	0.609469	0.00782815	
0.784	0	0	0	0.375729	0.615409	0.00886222	
0.786	0	0	0	0.368819	0.62122	0.00996041	
0.788	0	0	0	0.361974	0.626904	0.0111227	
0.79	0	0	0	0.355192	0.632459	0.0123492	
0.792	0	0	0	0.348475	0.637886	0.0136398	
0.794	0	0	0	0.341821	0.643184	0.0149945	
0.796	0	0	0	0.335232	0.648355	0.0164133	
0.798	0	0	0	0.328707	0.653397	0.0178963	
0.8	0	0	0	0.322246	0.65831	0.0194434	
0.802	0	0	0	0.315849	0.663096	0.0210546	
0.804	0	0	0	0.309517	0.667753	0.0227299	
0.806	0	0	0	0.303248	0.672282	0.0244694	
0.808	0	0	0	0.297044	0.676683	0.026273	
0.81	0	0	0	0.290904	0.680956	0.0281408	
0.812	0	0	0	0.284827	0.6851	0.0300726	
0.814	0	0	0	0.278815	0.689116	0.0320686	
0.816	0	0	0	0.272867	0.693004	0.0341287	
0.818	0	0	0	0.266984	0.696763	0.036253	
0.82	0	0	0	0.261164	0.700395	0.0384413	
0.822	0	0	0	0.255409	0.703898	0.0406938	
0.824	0	0	0	0.249717	0.707272	0.0430105	
0.826	0	0	0	0.24409	0.710519	0.0453912	
0.828	0	0	0	0.238527	0.713637	0.0478361	
0.83	0	0	0	0.233028	0.716627	0.0503451	
0.832	0	0	0	0.227593	0.719489	0.0529183	
0.834	0	0	0	0.222222	0.722222	0.0555556	
0.836	0	0	0	0.216916	0.724827	0.058257	
0.838	0	0	0	0.211673	0.727304	0.0610225	
0.84	0	0	0	0.206495	0.729653	0.0638521	
0.842	0	0	0	0.201381	0.731874	0.0667459	
0.844	0	0	0	0.19633	0.733966	0.0697038	
0.846	0	0	0	0.191344	0.73593	0.0727259	
0.848	0	0	0	0.186423	0.737765	0.075812	
0.85	0	0	0	0.181565	0.739473	0.0789623	
0.852	0	0	0	0.176771	0.741052	0.0821768	
0.854	0	0	0	0.172042	0.742503	0.0854553	
0.856	0	0	0	0.167377	0.743825	0.088798	
0.858	0	0	0	0.162775	0.74502	0.0922048	
0.86	0	0	0	0.158238	0.746086	0.0956758	
0.862	0	0	0	0.153765	0.747024	0.0992108	
0.864	0	0	0	0.149357	0.747833	0.10281	
0.866	0	0	0	0.145012	0.748515	0.106473	
0.868	0	0	0	0.140731	0.749068	0.110201	
0.87	0	0	0	0.136515	0.749493	0.113992	
0.872	0	0	0	0.132363	0.749789	0.117848	
0.874	0	0	0	0.128274	0.749958	0.121768	
0.876	0	0	0	0.12425	0.749998	0.125752	
0.878	0	0	0	0.12029	0.74991	0.1298	
0.88	0	0	0	0.116395	0.749693	0.133912	
0.882	0	0	0	0.112563	0.749348	0.138089	
0.884	0	0	0	0.108795	0.748876	0.142329	
0.886	0	0	0	0.105092	0.748274	0.146634	
0.888	0	0	0	0.101453	0.747545	0.151002	
0.89	0	0	0	0.0978777	0.746687	0.155435	
0.892	0	0	0	0.0943666	0.745701	0.159932	
0.894	0	0	0	0.0909197	0.744587	0.164493	
0.896	0	0	0	0.087537	0.743344	0.169119	
0.898	0	0	0	0.0842184	0.741974	0.173808	
0.9	0	0	0	0.0809638	0.740475	0.178561	
0.902	0	0	0	0.0777735	0.738847	0.183379	
0.904	0	0	0	0.0746472	0.737092	0.188261	
0.906	0	0	0	0.0715851	0.735208	0.193207	
0.908	0	0	0	0.0685871	0.733196	0.198217	
0.91	0	0	0	0.0656532	0.731056	0.203291	
0.912	0	0	0	0.0627835	0.728787	0.208429	
0.914	0	0	0	0.0599779	0.726391	0.213632	
0.916	0	0	0	0.0572364	0.723866	0.218898	
0.918	0	0	0	0.0545591	0.721212	0.224229	
0.92	0	0	0	0.0519458	0.718431	0.229624	
0.922	0	0	0	0.0493967	0.715521	0.235082	
0.924	0	0	0	0.0469118	0.712483	0.240605	
0.926	0	0	0	0.0444909	0.709316	0.246193	
0.928	0	0	0	0.0421342	0.706022	0.251844	
0.93	0	0	0	0.0398416	0.702599	0.257559	
0.932	0	0	0	0.0376132	0.699048	0.263339	
0.934	0	0	0	0.0354489	0.695369	0.269183	
0.936	0	0	0	0.0333487	0.691561	0.27509	
0.938	0	0	0	0.0313126	0.687625	0.281062	
0.94	0	0	0	0.0293407	0.683561	0.287098	
0.942	0	0	0	0.0274328	0.679369	0.293199	
0.944	0	0	0	0.0255892	0.675048	0.299363	
0.946	0	0	0	0.0238096	0.670599	0.305591	
0.948	0	0	0	0.0220942	0.666022	0.311884	
0.95	0	0	0	0.0204429	0.661316	0.318241	
0.952	0	0	0	0.0188557	0.656483	0.324661	
0.954	0	0	0	0.0173326	0.651521	0.331146	
0.956	0	0	0	0.0158737	0.646431	0.337696	
0.958	0	0	0	0.0144789	0.641212	0.344309	
0.96	0	0	0	0.0131483	0.635866	0.350986	
0.962	0	0	0	0.0118818	0.630391	0.357728	
0.964	0	0	0	0.0106793	0.624787	0.364533	
0.966	0	0	0	0.00954107	0.619056	0.371403	
0.968	0	0	0	0.00846693	0.613196	0.378337	
0.97	0	0	0	0.00745691	0.607208	0.385335	
0.972	0	0	0	0.00651102	0.601092	0.392397	
0.974	0	0	0	0.00562925	0.594848	0.399523	
0.976	0	0	0	0.00481162	0.588475	0.406714	
0.978	0	0	0	0.00405811	0.581974	0.413968	
0.98	0	0	0	0.00336873	0.575345	0.421287	
0.982	0	0	0	0.00274348	0.568587	0.428669	
0.984	0	0	0	0.00218236	0.561701	0.436116	
0.986	0	0	0	0.00168537	0.554687	0.443627	
0.988	0	0	0	0.0012525	0.547545	0.451202	
0.99	0	0	0	0.000883767	0.540275	0.458842	
0.992	0	0	0	0.000579158	0.532876	0.466545	
0.994	0	0	0	0.000338677	0.525349	0.474313	
0.996	0	0	0	0.000162324	0.517693	0.482144	
0.998	0	0	0	5.01002e-05	0.50991	0.49004	
1	0	0	0	2.00401e-06	0.501998	0.498	
